323 0.06946
527 0.05703
779 0.07058
851 0.06742
1007 0.06494
1175 0.06065
1343 0.07075
1679 0.07029
1751 0.06729
1763 0.06293
1775 0.06252
1919 0.06657
1943 0.06586
1955 0.06671
2015 0.0675
2075 0.05921
2135 0.06549
2147 0.06637
2159 0.06607
2183 0.04804
2231 0.06376
2279 0.05747
2291 0.06852
2303 0.05983
2363 0.06441
2387 0.06312
2507 0.05722
2627 0.06638
2639 0.05051
2675 0.06487
2747 0.06071
2759 0.04621
2771 0.06269
2795 0.06467
2867 0.06539
2915 0.06746
2987 0.07051
3071 0.05979
3131 0.07117
3239 0.05516
3275 0.06978
3335 0.06917
3383 0.06722
3395 0.06883
3431 0.07058
3479 0.07071
3503 0.06151
3515 0.06927
3587 0.06499
3599 0.06576
3731 0.06294
3815 0.06609
3827 0.07154
3875 0.06866
3995 0.07002
4067 0.07113
4163 0.06789
4175 0.06855
4187 0.06711
4247 0.0648
4267 0.06805
4307 0.06342
4331 0.06436
4343 0.06677
4427 0.06426
4475 0.0651
4619 0.0611
4655 0.06927
4715 0.06884
4727 0.07118
4847 0.06884
5063 0.05628
5075 0.07025
5159 0.06626
5183 0.06468
5267 0.0646
5339 0.06651
5459 0.06689
5543 0.06925
5567 0.06813
5627 0.06719
5675 0.06557
5687 0.07079
5699 0.06609
5723 0.06662
5831 0.06734
6107 0.06227
6149 0.07003
6179 0.06683
6215 0.06779
6371 0.06566
6407 0.06492
6419 0.05734
6431 0.0703
6443 0.06306
6467 0.05553
6479 0.06238
6527 0.0713
6575 0.06466
6623 0.06523
6647 0.06875
6683 0.06593
6707 0.06283
6755 0.06372
6767 0.06633
6851 0.06697
6887 0.06404
6935 0.06535
7007 0.0631
7031 0.05988
7163 0.06655
7259 0.06684
7367 0.06354
7379 0.0684
7439 0.06731
7475 0.06688
7571 0.06847
7667 0.06799
7751 0.0708
7775 0.07055
7811 0.07107
7847 0.0717
7859 0.07021
7871 0.06866
7931 0.06751
7955 0.06852
7967 0.05887
7979 0.06811
7991 0.06927
8003 0.06736
8027 0.06565
8075 0.06688
8099 0.06885
8159 0.06644
8183 0.06654
8207 0.06316
8255 0.06491
8279 0.06377
8303 0.06529
8339 0.07093
8375 0.06512
8399 0.06381
8435 0.07161
8471 0.06654
8483 0.0708
8555 0.06137
8579 0.07126
8639 0.0612
8651 0.07008
8675 0.06456
8687 0.05861
8711 0.07003
8759 0.06679
8771 0.06818
8843 0.06546
8855 0.06428
8903 0.07065
8927 0.06353
8975 0.06597
8987 0.06487
9035 0.06447
9071 0.05739
9083 0.06676
9095 0.0677
9131 0.0653
9179 0.06571
9191 0.0652
9287 0.07023
9299 0.06402
9359 0.07119
9407 0.06328
9443 0.06466
9455 0.06842
9503 0.06905
9515 0.06756
9575 0.0692
9599 0.0632
9635 0.06717
9671 0.07123
9695 0.07154
9707 0.06428
9731 0.07036
9815 0.07028
9827 0.06963
9875 0.07129
9899 0.06691
9911 0.06846
9959 0.06397
9971 0.06763
9983 0.06793
10019 0.06542
10043 0.06892
10115 0.0701
10127 0.05964
10199 0.07147
10235 0.06847
10319 0.06982
10355 0.06689
10379 0.07078
10439 0.06823
10511 0.06729
10523 0.06477
10535 0.06699
10583 0.06289
10595 0.06792
10619 0.06762
10679 0.06519
10703 0.06655
10727 0.066
10775 0.06739
10787 0.06679
10811 0.06926
10835 0.06953
10919 0.06562
10955 0.07091
10991 0.06986
11039 0.06699
11051 0.07152
11075 0.07121
11111 0.07122
11135 0.07149
11147 0.06402
11183 0.06574
11267 0.06471
11315 0.06822
11327 0.06742
11339 0.06642
11375 0.06909
11495 0.07147
11507 0.06596
11567 0.07004
11591 0.07029
11603 0.06583
11615 0.07055
11639 0.07081
11663 0.06572
11675 0.06634
11687 0.06566
11711 0.07158
11723 0.0659
11747 0.06791
11771 0.06763
11819 0.06867
11891 0.06943
11975 0.06586
11999 0.06923
12035 0.07039
12095 0.0675
12155 0.07163
12179 0.06592
12275 0.07054
12299 0.07026
12359 0.07047
12395 0.06859
12407 0.06993
12431 0.06601
12443 0.06865
12455 0.07076
12467 0.06611
12563 0.06656
12575 0.06807
12587 0.0668
12599 0.07129
12707 0.06798
12719 0.06996
12731 0.06822
12767 0.06435
12839 0.06865
12851 0.06939
12935 0.06764
12947 0.06287
12995 0.06834
13055 0.0665
13067 0.07146
13079 0.06693
13091 0.07169
13115 0.07161
13175 0.06648
13199 0.06346
13271 0.06739
13319 0.0646
13379 0.06864
13439 0.06572
13475 0.06953
13511 0.06963
13559 0.06683
13571 0.07041
13583 0.07029
13631 0.06612
13703 0.07138
13715 0.06809
13727 0.067
13787 0.06617
13823 0.07098
13871 0.07049
13895 0.07025
13919 0.06341
13943 0.07031
13991 0.07074
14003 0.06532
14027 0.06812
14039 0.07116
14063 0.07138
14075 0.06639
14099 0.06876
14111 0.07044
14123 0.06665
14171 0.0694
14195 0.06961
14219 0.06982
14279 0.07007
14291 0.06511
14315 0.06594
14351 0.0709
14363 0.0655
14375 0.06744
14399 0.06765
14459 0.06649
14471 0.06612
14507 0.07116
14579 0.06357
14603 0.06649
14615 0.06836
14651 0.06977
14663 0.06792
14711 0.07032
14735 0.06726
14807 0.06427
14915 0.06732
14927 0.06239
14975 0.07091
14999 0.07059
15011 0.06754
15023 0.07079
15047 0.06437
15143 0.07177
15155 0.06956
15167 0.06499
15203 0.06996
15215 0.06491
15239 0.07087
15251 0.06952
15275 0.07055
15311 0.06634
15323 0.07011
15371 0.07133
15419 0.07088
15455 0.06657
15479 0.06869
15503 0.06415
15515 0.07097
15539 0.0717
15563 0.07148
15587 0.0654
15599 0.06764
15611 0.0701
15623 0.06593
15635 0.06628
15695 0.06633
15707 0.06924
15743 0.06656
15755 0.06975
15779 0.06953
15839 0.0656
15851 0.0689
15863 0.06669
15875 0.06778
15947 0.06717
16019 0.06747
16031 0.0675
16043 0.06726
16055 0.06769
16115 0.06578
16151 0.06844
16175 0.06489
16199 0.06351
16211 0.06588
16235 0.06552
16247 0.06917
16259 0.06562
16283 0.06621
16343 0.06991
16391 0.07118
16403 0.06644
16415 0.07046
16439 0.06615
16463 0.06387
16475 0.07046
16511 0.07118
16523 0.06548
16559 0.06002
16571 0.06964
16583 0.07172
16643 0.06854
16727 0.06632
16739 0.06926
16775 0.07021
16799 0.06914
16847 0.06961
16859 0.06663
16895 0.067
16907 0.06665
17003 0.07121
17015 0.06585
17051 0.07156
17063 0.06786
17111 0.07143
17135 0.0716
17171 0.07104
17195 0.06579
17219 0.05851
17243 0.06924
17255 0.06694
17267 0.0639
17279 0.06431
17363 0.06828
17399 0.0659
17411 0.07044
17423 0.06497
17435 0.0689
17447 0.06943
17459 0.06897
17507 0.06411
17531 0.0713
17543 0.06583
17591 0.06695
17603 0.06538
17615 0.06634
17639 0.06616
17651 0.07136
17663 0.06668
17711 0.06738
17723 0.07078
17759 0.06326
17819 0.07151
17867 0.06551
17879 0.06577
17951 0.06835
17963 0.06791
17975 0.06541
17999 0.06354
18011 0.06456
18023 0.0692
18071 0.06953
18083 0.06874
18107 0.06891
18179 0.06926
18203 0.06957
18239 0.06826
18275 0.06833
18299 0.06836
18323 0.06866
18383 0.06266
18395 0.06677
18407 0.07173
18419 0.06693
18467 0.07136
18479 0.06683
18515 0.06677
18527 0.06715
18563 0.06197
18575 0.07083
18611 0.07116
18647 0.07029
18659 0.06575
18683 0.07061
18755 0.07007
18767 0.06939
18779 0.06934
18791 0.07156
18815 0.06908
18827 0.06953
18875 0.07112
18923 0.07076
18935 0.07048
18971 0.07061
18983 0.06518
18995 0.06629
19019 0.06328
19043 0.07108
19055 0.06702
19091 0.0714
19127 0.07113
19175 0.06873
19199 0.06796
19223 0.06976
19247 0.06638
19295 0.07128
19307 0.06798
19343 0.0689
19355 0.07027
19415 0.06936
19451 0.06777
19499 0.06581
19511 0.06971
19619 0.06839
19631 0.06992
19667 0.06475
19691 0.07064
19703 0.07059
19775 0.07165
19787 0.06995
19871 0.07125
19907 0.0707
19943 0.07073
19967 0.0665
20003 0.0713
20039 0.0704
20075 0.07174
20087 0.0707
20099 0.0667
20159 0.07115
20171 0.07114
20195 0.07097
20207 0.06493
20243 0.07064
20351 0.06919
20375 0.06934
20459 0.0648
20519 0.07021
20531 0.06982
20591 0.06951
20615 0.06935
20651 0.06787
20675 0.07069
20687 0.06676
20735 0.06855
20819 0.06592
20843 0.0717
20915 0.07138
20927 0.06524
20951 0.06714
20975 0.07045
20999 0.06414
21119 0.06546
21167 0.06589
21299 0.06673
21311 0.06824
21359 0.06404
21371 0.06879
21395 0.06893
21431 0.06239
21443 0.06434
21479 0.06561
21515 0.06539
21527 0.06688
21539 0.06469
21551 0.06637
21659 0.06453
21707 0.07073
21719 0.0657
21743 0.06403
21779 0.06097
21827 0.07142
21899 0.06599
21935 0.06657
21947 0.06919
21971 0.07126
21983 0.06628
21995 0.06634
22007 0.06335
22019 0.06347
22055 0.06598
22103 0.06663
22139 0.05829
22199 0.06684
22211 0.07068
22355 0.06883
22379 0.06577
22403 0.07176
22427 0.06839
22439 0.06649
22475 0.07136
22499 0.05844
22523 0.06493
22559 0.0629
22607 0.06906
22703 0.06436
22715 0.06986
22775 0.06187
22823 0.06776
22919 0.07077
22931 0.07154
22967 0.07103
23111 0.07015
23135 0.07028
23147 0.07073
23183 0.07054
23207 0.07116
23219 0.06629
23267 0.06658
23363 0.06302
23375 0.07074
23387 0.06929
23411 0.06915
23423 0.071
23483 0.06794
23495 0.06009
23519 0.07116
23555 0.06833
23579 0.06817
23639 0.07159
23651 0.06444
23735 0.07142
23759 0.07114
23783 0.06959
23807 0.07139
23843 0.0634
23867 0.06653
23927 0.06804
23939 0.06613
23951 0.07137
23963 0.07047
23999 0.07109
24035 0.0656
24059 0.06337
24119 0.07038
24131 0.06692
24215 0.06862
24275 0.07145
24287 0.06941
24455 0.07076
24479 0.07088
24503 0.06944
24539 0.06643
24563 0.06978
24587 0.06719
24599 0.06993
24647 0.07173
24707 0.0678
24719 0.07143
24743 0.06429
24779 0.06515
24839 0.07114
24875 0.06864
24983 0.06447
25019 0.06535
25043 0.06948
25079 0.07115
25139 0.06646
25175 0.06925
25199 0.06937
25211 0.07031
25259 0.06665
25283 0.07067
25355 0.06614
25379 0.06602
25403 0.07126
25475 0.06552
25499 0.06508
25511 0.06876
25547 0.06515
25571 0.07145
25619 0.06568
25631 0.06812
25655 0.07161
25715 0.07065
25787 0.07169
25823 0.06774
25859 0.06683
25883 0.07116
25967 0.07027
25979 0.06741
25991 0.07075
26051 0.06776
26063 0.06661
26075 0.07011
26195 0.06947
26219 0.06856
26303 0.07004
26363 0.06924
26435 0.06551
26471 0.06762
26483 0.06981
26495 0.07171
26519 0.06509
26531 0.07151
26543 0.07145
26555 0.07015
26567 0.07128
26603 0.07037
26639 0.06403
26651 0.0706
26663 0.07173
26675 0.07074
26771 0.07115
26795 0.07011
26843 0.06725
26855 0.0698
26867 0.06829
26915 0.07174
26939 0.07162
26963 0.06781
26975 0.06156
27023 0.06656
27047 0.06741
27071 0.0697
27083 0.06836
27227 0.0665
27251 0.07006
27263 0.06872
27275 0.07017
27311 0.06848
27323 0.06962
27335 0.06836
27347 0.0705
27359 0.06496
27371 0.07061
27383 0.06713
27455 0.06776
27467 0.07012
27491 0.07023
27563 0.06841
27575 0.06678
27587 0.07159
27599 0.06698
27623 0.0637
27659 0.07164
27683 0.07109
27695 0.06778
27707 0.07139
27719 0.06418
27755 0.07142
27839 0.06899
27863 0.06404
27875 0.0716
27887 0.0657
27899 0.0716
27911 0.06925
27935 0.06545
27959 0.07
27971 0.0701
27995 0.07098
28043 0.07127
28055 0.0708
28067 0.07029
28103 0.0712
28139 0.0712
28175 0.07043
28187 0.06549
28223 0.06504
28247 0.06608
28355 0.07156
28367 0.06691
28391 0.07138
28427 0.06884
28475 0.07144
28487 0.06714
28583 0.06603
28595 0.07085
28655 0.06787
28667 0.06759
28727 0.07058
28739 0.07168
28763 0.06867
28823 0.06581
28847 0.06999
28907 0.06932
28943 0.06953
28967 0.06599
28991 0.0693
29003 0.07038
29015 0.06943
29039 0.0663
29051 0.07015
29075 0.07001
29087 0.06884
29171 0.06977
29267 0.07018
29279 0.07055
29315 0.07103
29435 0.07089
29495 0.07147
29507 0.06904
29543 0.06515
29627 0.0717
29639 0.06885
29651 0.06837
29711 0.06915
29735 0.07099
29747 0.06509
29795 0.07034
29807 0.07065
29831 0.07054
29855 0.06976
29915 0.06978
29951 0.07016
29963 0.07029
29975 0.07004
29987 0.07017
29999 0.06544
30083 0.07145
30107 0.07155
30167 0.07105
30179 0.06827
30191 0.07115
30227 0.07149
30251 0.07087
30263 0.0655
30287 0.07154
30299 0.06802
30371 0.07136
30383 0.07076
30419 0.06925
30503 0.07129
30515 0.0716
30527 0.07154
30551 0.07107
30575 0.06644
30587 0.07126
30647 0.06683
30683 0.06703
30719 0.07029
30731 0.0697
30743 0.07018
30827 0.06474
30923 0.0713
30959 0.06897
31007 0.06876
31031 0.06889
31043 0.07178
31115 0.07146
31127 0.06976
31175 0.06802
31283 0.0707
31403 0.0638
31475 0.07077
31487 0.07119
31559 0.07147
31595 0.07023
31631 0.06755
31679 0.06676
31763 0.06858
31775 0.07117
31787 0.06674
31823 0.06831
31931 0.06876
31979 0.06632
32015 0.06808
32075 0.06636
32123 0.06671
32147 0.06688
32171 0.06685
32207 0.06595
32219 0.06423
32231 0.0699
32243 0.06664
32267 0.06734
32291 0.06724
32315 0.06673
32339 0.06615
32351 0.06977
32375 0.07045
32387 0.06683
32435 0.06766
32519 0.06414
32567 0.0706
32627 0.06564
32639 0.07146
32663 0.07174
32675 0.07168
32723 0.06228
32747 0.06886
32759 0.07094
32795 0.07116
32807 0.06482
32819 0.06779
32867 0.06931
32879 0.07112
32891 0.06626
32915 0.0695
32927 0.06635
32951 0.07148
32963 0.06643
32975 0.0707
33143 0.06999
33155 0.06962
33167 0.06533
33215 0.07035
33227 0.0635
33239 0.07069
33251 0.07076
33263 0.07059
33275 0.06834
33299 0.06902
33323 0.07103
33335 0.07028
33383 0.07008
33419 0.07005
33431 0.06879
33443 0.06679
33467 0.06685
33575 0.06928
33611 0.07143
33635 0.07133
33659 0.07094
33695 0.06879
33707 0.06499
33731 0.06727
33743 0.06816
33755 0.0713
33779 0.07139
33875 0.06616
33887 0.06758
33899 0.06625
33935 0.06782
33947 0.07002
33959 0.06784
33971 0.07144
33983 0.06627
34007 0.0664
34055 0.06819
34067 0.06078
34079 0.06659
34091 0.07094
34103 0.0661
34151 0.06675
34175 0.06645
34187 0.06904
34235 0.06748
34247 0.06638
34271 0.06629
34307 0.07069
34343 0.06924
34379 0.06975
34427 0.07112
34451 0.07121
34475 0.07129
34523 0.06852
34547 0.07155
34571 0.06815
34595 0.06824
34643 0.06896
34691 0.07146
34715 0.07136
34727 0.06517
34775 0.06718
34787 0.06893
34799 0.06834
34823 0.07097
34895 0.07123
34907 0.06936
34943 0.06778
34967 0.06894
34979 0.07029
35003 0.07025
35015 0.06911
35075 0.0705
35123 0.07013
35207 0.06979
35219 0.06934
35231 0.06988
35255 0.06996
35303 0.07077
35315 0.06896
35351 0.06923
35399 0.07039
35411 0.07114
35435 0.07123
35483 0.07161
35495 0.07081
35555 0.07165
35615 0.06624
35627 0.06586
35639 0.07131
35651 0.07156
35663 0.07032
35675 0.07147
35687 0.06654
35699 0.07075
35711 0.07027
35723 0.07127
35735 0.07165
35807 0.07166
35819 0.06778
35843 0.0708
35867 0.06685
35903 0.07116
35915 0.06467
35939 0.06663
35975 0.0665
36023 0.06892
36047 0.07071
36119 0.06514
36143 0.06934
36155 0.06958
36167 0.06689
36179 0.06888
36203 0.06911
36239 0.06997
36287 0.06436
36335 0.0696
36359 0.07072
36371 0.06968
36395 0.06867
36419 0.06985
36431 0.07033
36455 0.06816
36491 0.07009
36503 0.06643
36515 0.06862
36539 0.0687
36575 0.06988
36611 0.0705
36623 0.0697
36635 0.06903
36695 0.06943
36719 0.07131
36743 0.07139
36815 0.06469
36875 0.06631
36935 0.07151
36995 0.07177
37007 0.06709
37031 0.07011
37067 0.06514
37091 0.06554
37151 0.07068
37175 0.06765
37187 0.07089
37211 0.07097
37259 0.07113
37283 0.06658
37319 0.06597
37343 0.06995
37355 0.07145
37367 0.07123
37391 0.07131
37403 0.07022
37415 0.07139
37439 0.06859
37487 0.06637
37499 0.06644
37583 0.0716
37595 0.0695
37655 0.07133
37715 0.06691
37775 0.0697
37787 0.07054
37823 0.0707
37835 0.07036
37859 0.07027
37895 0.07043
37931 0.06634
37979 0.06665
38003 0.06802
38063 0.07065
38075 0.06776
38111 0.06671
38135 0.07088
38147 0.0625
38255 0.07128
38267 0.06858
38279 0.07135
38315 0.06873
38363 0.06791
38387 0.06897
38399 0.06616
38483 0.06633
38555 0.06673
38579 0.06406
38627 0.06975
38675 0.0699
38759 0.07051
38807 0.06716
38831 0.06496
38843 0.06946
38855 0.0661
38915 0.06489
38927 0.06585
38939 0.07075
38975 0.06579
39035 0.07007
39059 0.07113
39071 0.06625
39083 0.07023
39095 0.06617
39131 0.07136
39155 0.07144
39179 0.06574
39203 0.07061
39215 0.06888
39263 0.06514
39311 0.06611
39431 0.06725
39455 0.06805
39467 0.06642
39479 0.06797
39491 0.07152
39515 0.07089
39527 0.06598
39539 0.0708
39575 0.06764
39587 0.06408
39611 0.07055
39647 0.06793
39695 0.06808
39707 0.06446
39731 0.06544
39803 0.06771
39899 0.06953
39911 0.06875
39935 0.06726
39947 0.06936
39995 0.0703
40067 0.06592
40091 0.06996
40103 0.06935
40115 0.06988
40139 0.06979
40175 0.06615
40199 0.0651
40235 0.06838
40247 0.06534
40271 0.06987
40307 0.06813
40319 0.06592
40355 0.066
40367 0.07017
40415 0.0669
40439 0.06697
40463 0.06559
40475 0.0698
40511 0.06905
40523 0.06633
40535 0.06912
40571 0.0651
40595 0.06823
40619 0.06815
40643 0.06807
40655 0.07106
40679 0.06661
40703 0.0712
40727 0.07128
40775 0.07142
40811 0.07083
40859 0.07097
40871 0.07015
40907 0.06698
40919 0.0668
40967 0.07044
40979 0.06696
40991 0.07146
41003 0.07141
41015 0.07059
41075 0.06521
41087 0.07112
41099 0.0717
41135 0.07095
41159 0.06917
41195 0.07156
41207 0.07071
41219 0.06912
41255 0.07054
41267 0.06927
41291 0.06934
41339 0.07106
41363 0.07098
41375 0.06561
41423 0.06997
41447 0.07167
41471 0.07159
41495 0.07151
41567 0.06949
41591 0.07047
41615 0.07055
41663 0.06543
41675 0.06992
41699 0.06984
41711 0.07077
41735 0.0709
41747 0.06431
41783 0.07105
41795 0.07085
41807 0.07044
41819 0.07093
41855 0.07028
41915 0.06552
41939 0.06683
41951 0.06996
41975 0.06988
41987 0.06486
42035 0.07157
42107 0.07178
42119 0.0715
42143 0.07142
42167 0.07006
42191 0.06917
42251 0.06802
42275 0.07123
42287 0.06714
42311 0.07085
42347 0.07099
42395 0.06756
42419 0.06575
42455 0.07091
42503 0.07021
42527 0.06808
42539 0.07035
42551 0.06748
42563 0.06729
42575 0.07126
42587 0.06736
42599 0.07133
42659 0.06996
42671 0.06966
42755 0.06785
42803 0.06799
42827 0.06941
42851 0.06933
42875 0.06747
42911 0.06911
42935 0.06918
42947 0.06902
42959 0.07112
42971 0.06894
42983 0.06932
43007 0.07096
43043 0.06869
43055 0.06895
43079 0.0696
43091 0.06883
43127 0.07056
43139 0.06684
43175 0.06929
43187 0.06838
43247 0.07017
43259 0.06489
43295 0.07022
43307 0.06786
43355 0.06886
43367 0.06979
43439 0.07005
43463 0.07071
43475 0.06994
43559 0.0704
43583 0.06743
43619 0.06789
43643 0.07042
43679 0.0677
43703 0.07139
43715 0.06989
43739 0.06909
43763 0.07076
43775 0.0716
43811 0.06678
43847 0.07122
43859 0.06944
43871 0.0717
43907 0.07117
43919 0.07142
43931 0.06292
43979 0.06678
44003 0.07144
44039 0.07115
44051 0.06998
44063 0.06879
44075 0.07092
44099 0.07012
44135 0.07151
44243 0.06966
44255 0.07113
44339 0.06645
44375 0.07008
44387 0.06462
44399 0.06776
44411 0.07171
44423 0.06981
44447 0.0686
44459 0.06673
44495 0.0697
44555 0.0714
44567 0.06893
44591 0.07006
44639 0.07041
44663 0.06918
44675 0.06874
44735 0.06961
44747 0.07064
44783 0.06757
44795 0.06967
44807 0.06938
44891 0.07117
44915 0.07154
44951 0.0683
44975 0.07135
44999 0.06815
45011 0.07079
45047 0.06865
45059 0.07162
45095 0.07168
45155 0.07132
45167 0.06725
45227 0.07012
45251 0.07102
45275 0.0704
45287 0.06792
45299 0.06907
45347 0.06975
45359 0.07169
45371 0.07064
45395 0.07073
45407 0.06756
45431 0.07168
45443 0.06849
45467 0.06842
45479 0.07146
45527 0.07159
45539 0.07113
45563 0.07119
45575 0.07102
45611 0.07132
45671 0.07092
45695 0.0715
45719 0.07077
45731 0.07165
45743 0.0699
45791 0.07035
45815 0.07167
45839 0.06745
45875 0.07023
45899 0.07143
45911 0.07018
45923 0.07036
46019 0.07103
46031 0.071
46055 0.06975
46079 0.07111
46115 0.07076
46127 0.07096
46151 0.07132
46163 0.07101
46223 0.07013
46235 0.07039
46247 0.07059
46259 0.06796
46283 0.07175
46295 0.07171
46319 0.07012
46331 0.07169
46355 0.07162
46379 0.06871
46391 0.07059
46403 0.07165
46463 0.07137
46475 0.07173
46487 0.07129
46535 0.07097
46547 0.07151
46583 0.0711
46607 0.07116
46631 0.07095
46655 0.07129
46667 0.07114
46739 0.06888
46763 0.07085
46775 0.07134
46799 0.06936
46835 0.07016
46847 0.07178
46859 0.07009
46883 0.07019
46895 0.07166
46931 0.07034
46943 0.07148
46967 0.07144
46979 0.07031
46991 0.07165
47039 0.06747
47063 0.07169
47075 0.06991
47135 0.07122
47171 0.07082
47183 0.07076
47231 0.0714
47243 0.07114
47255 0.07085
47291 0.06881
47375 0.07156
47399 0.07162
47411 0.07159
47435 0.07151
47447 0.07075
47483 0.07178
47495 0.07169
47531 0.07177
47579 0.07167
47603 0.06791
47651 0.07146
47687 0.06775
47747 0.07117
47759 0.06688
47783 0.06976
47795 0.06737
47855 0.07139
47867 0.07081
47879 0.06574
47891 0.06871
47915 0.07052
47987 0.07046
48035 0.07027
48047 0.06899
48059 0.07033
48107 0.06694
48167 0.06865
48191 0.06683
48227 0.06961
48251 0.07083
48263 0.07019
48275 0.07089
48287 0.06831
48323 0.06933
48335 0.06998
48359 0.06991
48431 0.0697
48443 0.07132
48503 0.06875
48515 0.06879
48551 0.06757
48575 0.06929
48635 0.0663
48671 0.06827
48683 0.07162
48719 0.06814
48755 0.07141
48791 0.06868
48803 0.06798
48875 0.07106
48899 0.0713
