323 0.06946
368 0.06895
455 0.0628
527 0.05703
779 0.07058
851 0.06742
1007 0.06494
1175 0.06065
1235 0.07094
1343 0.06526
1595 0.06971
1643 0.06959
1679 0.07029
1739 0.04883
1751 0.06425
1763 0.06125
1775 0.06252
1919 0.06657
1943 0.06586
1955 0.06671
2015 0.06279
2033 0.06631
2075 0.05921
2117 0.05738
2135 0.06549
2139 0.06573
2147 0.05318
2159 0.06607
2183 0.04804
2231 0.06376
2279 0.05747
2291 0.06677
2303 0.05983
2363 0.06441
2387 0.06174
2507 0.05722
2627 0.06638
2639 0.05051
2675 0.06487
2747 0.06071
2759 0.04621
2771 0.06269
2795 0.06467
2867 0.06539
2915 0.06746
2987 0.05977
3071 0.05747
3131 0.05483
3239 0.05516
3275 0.05344
3287 0.05234
3335 0.06917
3383 0.06722
3395 0.06883
3431 0.07058
3479 0.07071
3503 0.05049
3515 0.06927
3575 0.06902
3587 0.06499
3599 0.06576
3731 0.06294
3815 0.06507
3827 0.07154
3875 0.06622
3959 0.06969
3995 0.05435
4067 0.07113
4163 0.06789
4175 0.06855
4187 0.05891
4199 0.06562
4235 0.06149
4247 0.05827
4267 0.06796
4307 0.06342
4331 0.06367
4343 0.06677
4403 0.06496
4427 0.06426
4475 0.0651
4619 0.0611
4655 0.06673
4715 0.06884
4727 0.07118
4847 0.06154
5063 0.04951
5075 0.06439
5159 0.06626
5183 0.06468
5207 0.06504
5267 0.0646
5339 0.06651
5459 0.06322
5543 0.0678
5567 0.06813
5609 0.06138
5627 0.05977
5675 0.06557
5687 0.06201
5699 0.06347
5723 0.06662
5831 0.06468
5975 0.06112
6095 0.07048
6107 0.06227
6149 0.07003
6179 0.06083
6215 0.05344
6239 0.06727
6275 0.04815
6371 0.05721
6407 0.06492
6419 0.05295
6431 0.06331
6443 0.06147
6467 0.05553
6479 0.06238
6527 0.05531
6575 0.06466
6623 0.06076
6647 0.06875
6683 0.05967
6707 0.05842
6755 0.05931
6767 0.0582
6851 0.06534
6887 0.06404
6935 0.06377
7007 0.0631
7031 0.05988
7163 0.06655
7259 0.06684
7367 0.06354
7379 0.06042
7439 0.06731
7475 0.06688
7571 0.06847
7667 0.06799
7751 0.0708
7775 0.06644
7811 0.07107
7847 0.0717
7859 0.07021
7871 0.06866
7931 0.06385
7955 0.06852
7967 0.05887
7979 0.06681
7991 0.06927
8003 0.06736
8027 0.06233
8075 0.06617
8099 0.06885
8159 0.06586
8183 0.06654
8207 0.06316
8255 0.06331
8279 0.06377
8303 0.06529
8339 0.07093
8375 0.06064
8399 0.06381
8435 0.06326
8471 0.06273
8483 0.05871
8555 0.06137
8579 0.06201
8639 0.06031
8651 0.07008
8675 0.06456
8687 0.05322
8711 0.06223
8759 0.06679
8771 0.0669
8843 0.06546
8855 0.06428
8903 0.05178
8927 0.0554
8975 0.06457
8987 0.06487
9035 0.06271
9071 0.05739
9083 0.06676
9095 0.06499
9131 0.06291
9179 0.06225
9191 0.0652
9287 0.07023
9299 0.05951
9359 0.06453
9407 0.06328
9443 0.06177
9455 0.06531
9503 0.06648
9515 0.05787
9575 0.0692
9599 0.0632
9635 0.05544
9671 0.07123
9695 0.06212
9707 0.06428
9731 0.07036
9815 0.07028
9827 0.05704
9875 0.07129
9899 0.06691
9911 0.05607
9959 0.06397
9971 0.06605
9983 0.06095
10019 0.06542
10043 0.06022
10115 0.05936
10127 0.05344
10199 0.06509
10235 0.06847
10319 0.06982
10355 0.06483
10379 0.07078
10439 0.06213
10511 0.06729
10523 0.06477
10535 0.06429
10583 0.06289
10595 0.04907
10619 0.06762
10679 0.06257
10703 0.06229
10727 0.066
10775 0.06739
10787 0.06679
10811 0.06926
10835 0.0662
10919 0.06562
10955 0.07091
10991 0.06434
11039 0.06518
11051 0.07152
11075 0.06077
11111 0.07122
11135 0.0654
11147 0.05772
11183 0.04801
11267 0.06471
11315 0.06323
11327 0.06742
11339 0.06618
11375 0.06795
11495 0.07147
11507 0.06533
11567 0.07004
11591 0.07029
11603 0.05163
11615 0.07055
11639 0.06971
11663 0.06256
11675 0.05744
11687 0.06566
11711 0.07158
11723 0.05836
11747 0.06791
11771 0.06763
11819 0.06814
11891 0.06943
11975 0.06586
11999 0.06923
12035 0.05986
12095 0.0675
12155 0.07163
12179 0.05255
12275 0.06994
12299 0.07026
12359 0.06678
12395 0.06488
12407 0.06556
12431 0.06601
12443 0.06865
12455 0.06161
12467 0.06611
12563 0.06288
12575 0.06807
12587 0.0668
12599 0.06607
12707 0.06554
12719 0.06996
12731 0.06822
12767 0.06435
12839 0.06266
12851 0.06695
12935 0.05957
12947 0.06287
12995 0.06834
13055 0.0665
13067 0.07146
13079 0.06693
13091 0.06926
13115 0.07161
13175 0.06648
13199 0.06346
13271 0.06739
13319 0.05912
13379 0.06403
13439 0.06572
13475 0.06464
13511 0.06963
13559 0.06234
13571 0.05722
13583 0.06705
13631 0.06091
13703 0.07138
13715 0.06809
13727 0.06586
13787 0.06617
13823 0.06498
13871 0.06967
13895 0.07025
13919 0.06126
13943 0.06895
13991 0.05876
14003 0.06532
14027 0.06812
14039 0.06449
14063 0.07138
14075 0.06465
14099 0.06504
14111 0.06659
14123 0.06175
14171 0.0694
14195 0.06661
14219 0.06982
14279 0.0664
14291 0.06511
14315 0.06594
14351 0.06937
14363 0.0655
14375 0.06744
14399 0.06685
14459 0.06649
14471 0.06465
14507 0.07116
14579 0.05522
14603 0.06649
14615 0.06836
14651 0.06977
14663 0.06792
14711 0.07032
14735 0.06606
14807 0.06427
14915 0.06448
14927 0.06239
14975 0.07039
14999 0.06376
15011 0.06754
15023 0.07079
15047 0.06437
15143 0.06454
15155 0.06956
15167 0.06336
15203 0.06996
15215 0.06491
15239 0.06847
15251 0.06952
15275 0.06418
15311 0.06634
15323 0.06148
15371 0.06682
15419 0.06641
15455 0.0661
15479 0.06636
15503 0.06415
15515 0.06221
15539 0.0717
15563 0.05123
15587 0.0654
15599 0.06764
15611 0.06478
15623 0.06593
15635 0.06611
15695 0.06578
15707 0.06687
15743 0.06656
15755 0.06646
15779 0.06953
15839 0.0656
15851 0.06596
15863 0.06669
15875 0.06778
15947 0.06676
16019 0.06747
16031 0.0675
16043 0.06279
16055 0.06508
16115 0.06578
16151 0.06477
16175 0.06489
16199 0.06351
16211 0.06588
16235 0.06552
16247 0.06401
16259 0.06562
16283 0.06621
16343 0.06356
16391 0.07118
16403 0.06644
16415 0.07046
16439 0.06615
16463 0.06087
16475 0.07046
16511 0.07118
16523 0.06548
16559 0.06002
16571 0.06964
16583 0.06144
16643 0.06854
16727 0.06039
16739 0.06926
16775 0.06896
16799 0.06335
16847 0.06961
16859 0.0646
16895 0.067
16907 0.05939
17003 0.06567
17015 0.06465
17051 0.06149
17063 0.06594
17111 0.07143
17135 0.06692
17171 0.07104
17195 0.0633
17219 0.05851
17243 0.06742
17255 0.06694
17267 0.05533
17279 0.06431
17363 0.05823
17399 0.0659
17411 0.07044
17423 0.06482
17435 0.0688
17447 0.06943
17459 0.06871
17507 0.05513
17531 0.06948
17543 0.06583
17591 0.06695
17603 0.06538
17615 0.06577
17639 0.06171
17651 0.07136
17663 0.0664
17711 0.06667
17723 0.0645
17759 0.06326
17819 0.07151
17867 0.06551
17879 0.06568
17951 0.06835
17963 0.06618
17975 0.06541
17999 0.0599
18011 0.05348
18023 0.0692
18071 0.06953
18083 0.06874
18107 0.06718
18179 0.06727
18203 0.06784
18239 0.06826
18275 0.06595
18299 0.06836
18323 0.06622
18383 0.0613
18395 0.06122
18407 0.07173
18419 0.06693
18467 0.07136
18479 0.05877
18515 0.06359
18527 0.06447
18563 0.06197
18575 0.07083
18611 0.07116
18647 0.06142
18659 0.0607
18683 0.06245
18755 0.07007
18767 0.06939
18779 0.06182
18791 0.06892
18815 0.0626
18827 0.06365
18875 0.07112
18887 0.07052
18923 0.07076
18935 0.06987
18971 0.06449
18983 0.06518
18995 0.06297
19007 0.06963
19019 0.06328
19043 0.07108
19055 0.06702
19067 0.06919
19091 0.0714
19127 0.07113
19175 0.06688
19199 0.06796
19223 0.06976
19247 0.06638
19295 0.06787
19307 0.06798
19343 0.0689
19355 0.06764
19367 0.06707
19415 0.06646
19451 0.06777
19475 0.06941
19499 0.06581
19511 0.06971
19619 0.06839
19631 0.06992
19667 0.06475
19691 0.07064
19703 0.07059
19775 0.07165
19787 0.06472
19871 0.07125
19907 0.0707
19943 0.0689
19967 0.0665
20003 0.0713
20039 0.0704
20075 0.06643
20087 0.0707
20099 0.0667
20159 0.06674
20171 0.06623
20195 0.07097
20207 0.06493
20243 0.07064
20351 0.06792
20375 0.06934
20459 0.0648
20519 0.07021
20531 0.06867
20591 0.06635
20615 0.06935
20651 0.06696
20675 0.06417
20687 0.06676
20735 0.06645
20819 0.06592
20843 0.0717
20915 0.06611
20927 0.06524
20951 0.06714
20975 0.06677
20999 0.06414
21119 0.06546
21167 0.06589
21299 0.06673
21311 0.06665
21359 0.06404
21371 0.06879
21395 0.06324
21431 0.05905
21443 0.05659
21479 0.06561
21515 0.06539
21527 0.06688
21539 0.06372
21551 0.06637
21659 0.06453
21707 0.07073
21719 0.0657
21743 0.06403
21779 0.06097
21827 0.06538
21899 0.06312
21935 0.0653
21947 0.06919
21971 0.05996
21983 0.06537
21995 0.06455
22007 0.06335
22019 0.06347
22055 0.06495
22103 0.06663
22139 0.05829
22199 0.06535
22211 0.06756
22355 0.06697
22379 0.06107
22403 0.06206
22427 0.06839
22439 0.06649
22475 0.07136
22499 0.05644
22523 0.05967
22559 0.0629
22607 0.06906
22703 0.06436
22715 0.06986
22775 0.05942
22823 0.06776
22919 0.06373
22931 0.07154
22967 0.06692
23111 0.06593
23135 0.07028
23147 0.06727
23183 0.07054
23207 0.06984
23219 0.0621
23267 0.06184
23363 0.05955
23375 0.07014
23387 0.06289
23411 0.06915
23423 0.06402
23483 0.06536
23495 0.06009
23519 0.07116
23555 0.06833
23579 0.06022
23639 0.07159
23651 0.06314
23735 0.07142
23759 0.06789
23783 0.06287
23807 0.06762
23843 0.06212
23867 0.06367
23927 0.06425
23939 0.06613
23951 0.06862
23963 0.06277
23999 0.06654
24035 0.0656
24059 0.06337
24119 0.07038
24131 0.06621
24215 0.06862
24275 0.07145
24287 0.06554
24455 0.06846
24479 0.07088
24503 0.06643
24539 0.06643
24563 0.06978
24587 0.06719
24599 0.05879
24647 0.0674
24707 0.06654
24719 0.07143
24743 0.06247
24779 0.06515
24839 0.06521
24875 0.06864
24983 0.06447
25019 0.06535
25043 0.06822
25079 0.0651
25139 0.06646
25175 0.06349
25199 0.06937
25211 0.07031
25259 0.06665
25283 0.06941
25355 0.06614
25379 0.06602
25403 0.07126
25475 0.06552
25499 0.0646
25511 0.06536
25547 0.06515
25571 0.06543
25619 0.06568
25631 0.06812
25655 0.06693
25715 0.06654
25787 0.06016
25823 0.06711
25859 0.06683
25883 0.06974
25967 0.07027
25979 0.06688
25991 0.06295
26051 0.06776
26063 0.06661
26075 0.06871
26195 0.06947
26219 0.06582
26303 0.0654
26363 0.06722
26435 0.06551
26471 0.05843
26483 0.06981
26495 0.07171
26519 0.06509
26531 0.07151
26543 0.07145
26555 0.06417
26567 0.07128
26603 0.06601
26639 0.06376
26651 0.06451
26663 0.07173
26675 0.07074
26771 0.07115
26795 0.07011
26843 0.0606
26855 0.0698
26867 0.06829
26915 0.07174
26939 0.06697
26963 0.06781
26975 0.06156
27023 0.06656
27047 0.06258
27071 0.06729
27083 0.06626
27227 0.0665
27251 0.07006
27263 0.06772
27275 0.06533
27311 0.06371
27323 0.06743
27335 0.06836
27347 0.0705
27359 0.06496
27371 0.06719
27383 0.06713
27455 0.0672
27467 0.06759
27491 0.07023
27563 0.06667
27575 0.06678
27587 0.07159
27599 0.06698
27623 0.0637
27659 0.06748
27683 0.07109
27695 0.06778
27707 0.06868
27719 0.06372
27755 0.0689
27839 0.06899
27863 0.06404
27875 0.0716
27887 0.0657
27899 0.06819
27911 0.06458
27935 0.06451
27959 0.07
27971 0.0701
27995 0.06463
28043 0.0707
28055 0.0708
28067 0.06486
28103 0.0712
28139 0.0712
28175 0.07043
28187 0.06549
28223 0.06504
28247 0.06608
28355 0.06971
28367 0.06691
28391 0.06339
28427 0.06556
28475 0.07144
28487 0.06714
28583 0.06603
28595 0.06854
28655 0.06674
28667 0.06759
28727 0.06642
28739 0.06786
28763 0.06585
28823 0.06492
28847 0.06999
28907 0.06932
28943 0.06953
28967 0.06531
28991 0.0693
29003 0.07038
29015 0.06943
29039 0.0663
29051 0.07015
29075 0.07001
29087 0.06884
29171 0.06586
29267 0.06399
29279 0.06666
29315 0.07103
29435 0.07089
29495 0.07147
29507 0.06084
29543 0.06181
29627 0.0717
29639 0.0659
29651 0.06584
29711 0.06915
29735 0.07099
29747 0.06194
29795 0.07034
29807 0.06956
29831 0.07054
29855 0.06976
29915 0.06948
29951 0.07016
29963 0.07029
29975 0.07004
29987 0.06453
29999 0.06544
30083 0.069
30107 0.07155
30167 0.06898
30179 0.06827
30191 0.07115
30227 0.06764
30251 0.07087
30263 0.0655
30287 0.07154
30299 0.06449
30371 0.06823
30383 0.07076
30419 0.06925
30503 0.07129
30515 0.06965
30527 0.07154
30551 0.07107
30575 0.06644
30587 0.07126
30647 0.06683
30683 0.06703
30719 0.07005
30731 0.06682
30743 0.07018
30827 0.06474
30923 0.06831
30959 0.06897
31007 0.06876
31031 0.06889
31043 0.07178
31115 0.06887
31127 0.06976
31175 0.06476
31283 0.0707
31403 0.0638
31475 0.07077
31487 0.06681
31559 0.07147
31595 0.06698
31631 0.06755
31679 0.05768
31763 0.06858
31775 0.06665
31787 0.06674
31823 0.06831
31931 0.06652
31979 0.06632
32015 0.06593
32075 0.06636
32123 0.06671
32147 0.06688
32171 0.0653
32207 0.06595
32219 0.06423
32231 0.06931
32243 0.06664
32267 0.06655
32291 0.06724
32315 0.06673
32339 0.06615
32351 0.0662
32375 0.06856
32387 0.06683
32435 0.06766
32519 0.06414
32567 0.0706
32627 0.06281
32639 0.07146
32663 0.07174
32675 0.07168
32723 0.06198
32747 0.06325
32759 0.07094
32795 0.07116
32807 0.06302
32819 0.06423
32867 0.06931
32879 0.07112
32891 0.06269
32915 0.0695
32927 0.0639
32951 0.07148
32963 0.06376
32975 0.0707
33143 0.06967
33155 0.06962
33167 0.06373
33215 0.06968
33227 0.0635
33239 0.07069
33251 0.07076
33263 0.06948
33275 0.06834
33299 0.06902
33323 0.0689
33335 0.07028
33383 0.07008
33419 0.07005
33431 0.06677
33443 0.06401
33467 0.06272
33575 0.06928
33611 0.06205
33635 0.07133
33659 0.07094
33695 0.06102
33707 0.06436
33731 0.06727
33743 0.06752
33755 0.0713
33779 0.05944
33875 0.06561
33887 0.06542
33899 0.06625
33935 0.06646
33947 0.06083
33959 0.06784
33971 0.06992
33983 0.06627
34007 0.0664
34055 0.06819
34067 0.06078
34079 0.0662
34091 0.07094
34103 0.06561
34151 0.06675
34175 0.06622
34187 0.06661
34235 0.06748
34247 0.06638
34271 0.06629
34307 0.0672
34343 0.06924
34379 0.06975
34427 0.07112
34451 0.06799
34475 0.07129
34523 0.06852
34547 0.06807
34571 0.06404
34595 0.06824
34643 0.06377
34691 0.06705
34715 0.07136
34727 0.06517
34775 0.06718
34787 0.06893
34799 0.06461
34823 0.07097
34895 0.0707
34907 0.06636
34943 0.06621
34967 0.06894
34979 0.06411
35003 0.07025
35015 0.06911
35075 0.06996
35123 0.07013
35207 0.06979
35219 0.06276
35231 0.06935
35255 0.06996
35303 0.07077
35315 0.0658
35351 0.06923
35399 0.07039
35411 0.07114
35435 0.06692
35483 0.07161
35495 0.07081
35555 0.07165
35615 0.06624
35627 0.06465
35639 0.07131
35651 0.07156
35663 0.06767
35675 0.06758
35687 0.06654
35699 0.06155
35711 0.06784
35723 0.06744
35735 0.07165
35807 0.0668
35819 0.06778
35843 0.0708
35867 0.06685
35903 0.06646
35915 0.06362
35939 0.06663
35975 0.0665
35987 0.0668
36023 0.06667
36047 0.06677
36119 0.0644
36143 0.06934
36155 0.06579
36167 0.06423
36179 0.06437
36203 0.06911
36239 0.06967
36287 0.06436
36335 0.06628
36347 0.06414
36359 0.07072
36371 0.06583
36395 0.06807
36407 0.06932
36419 0.06829
36431 0.07033
36455 0.06816
36491 0.07009
36503 0.06643
36515 0.06862
36539 0.06753
36575 0.0669
36611 0.06786
36623 0.06386
36635 0.06682
36695 0.06943
36707 0.06927
36719 0.07131
36743 0.06925
36815 0.06401
36851 0.06604
36875 0.06631
36935 0.06574
36995 0.07025
37007 0.06536
37031 0.07011
37043 0.06277
37067 0.06514
37091 0.06519
37151 0.07068
37175 0.06765
37187 0.07089
37211 0.07094
37247 0.06108
37259 0.07076
37283 0.06658
37319 0.06597
37343 0.06995
37355 0.06557
37367 0.07123
37391 0.06683
37403 0.07022
37415 0.07139
37439 0.06859
37487 0.05979
37499 0.06644
37523 0.06573
37583 0.06906
37595 0.0695
37655 0.07133
37715 0.06691
37727 0.06289
37775 0.0697
37787 0.06528
37823 0.06986
37835 0.06862
37859 0.07027
37895 0.07043
37931 0.06615
37979 0.06665
38003 0.06601
38063 0.07065
38075 0.06776
38111 0.06671
38135 0.06954
38147 0.0625
38255 0.07128
38267 0.06858
38279 0.06271
38315 0.06873
38363 0.06791
38387 0.06587
38399 0.06616
38471 0.06623
38483 0.06438
38555 0.06673
38579 0.06406
38591 0.06518
38627 0.06688
38675 0.06734
38759 0.0652
38771 0.067
38807 0.06716
38831 0.06496
38843 0.06946
38855 0.0661
38915 0.06295
38927 0.06585
38939 0.07075
38975 0.06579
39035 0.07007
39059 0.06602
39071 0.0661
39083 0.07023
39095 0.06617
39131 0.07136
39155 0.0657
39179 0.06574
39203 0.06203
39215 0.06888
39263 0.06514
39287 0.06289
39311 0.06611
39347 0.06473
39407 0.06717
39431 0.06522
39455 0.06805
39467 0.06406
39479 0.06228
39491 0.06557
39515 0.07089
39527 0.06473
39539 0.06393
39575 0.06606
39587 0.06408
39611 0.07055
39647 0.06793
39695 0.06808
39707 0.05329
39731 0.06544
39767 0.0631
39803 0.06771
39899 0.06953
39911 0.06452
39935 0.06726
39947 0.06936
39995 0.0703
40043 0.07013
40067 0.06434
40091 0.06996
40103 0.06581
40115 0.06462
40139 0.06979
40175 0.06615
40199 0.0651
40211 0.06603
40235 0.06838
40247 0.06534
40271 0.06987
40307 0.06572
40319 0.06592
40331 0.06805
40355 0.066
40367 0.07017
40415 0.0669
40439 0.06553
40451 0.06678
40463 0.0647
40475 0.0698
40511 0.06905
40523 0.06526
40535 0.06522
40571 0.0651
40595 0.06676
40619 0.06815
40631 0.06677
40643 0.06487
40655 0.07106
40679 0.06661
40703 0.0712
40727 0.06633
40775 0.0663
40811 0.07083
40859 0.07097
40871 0.06599
40907 0.06698
40919 0.06259
40967 0.06679
40979 0.06675
40991 0.07146
41003 0.07141
41015 0.06663
41075 0.06521
41087 0.07112
41099 0.0717
41111 0.06632
41135 0.07095
41159 0.06332
41195 0.07156
41207 0.06479
41219 0.06912
41255 0.06429
41267 0.06927
41291 0.0589
41339 0.07106
41363 0.06443
41375 0.06439
41423 0.06997
41447 0.06525
41471 0.07159
41495 0.06584
41531 0.06604
41567 0.06949
41591 0.06637
41615 0.07055
41663 0.06444
41675 0.06992
41699 0.06446
41711 0.07077
41735 0.06688
41747 0.06431
41783 0.06672
41795 0.07085
41807 0.07044
41819 0.06944
41855 0.07028
41891 0.06638
41915 0.063
41939 0.06683
41951 0.06996
41975 0.06636
41987 0.06486
42011 0.0666
42035 0.07157
42047 0.05986
42107 0.06595
42119 0.06695
42143 0.07142
42167 0.06634
42191 0.06917
42251 0.06802
42275 0.07123
42287 0.06714
42311 0.06566
42347 0.05954
42395 0.06756
42419 0.06527
42431 0.07084
42455 0.06778
42503 0.05938
42527 0.06808
42539 0.06262
42551 0.06748
42563 0.06483
42575 0.07126
42587 0.06736
42599 0.0682
42659 0.06996
42671 0.06966
42755 0.06625
42803 0.06553
42827 0.0621
42851 0.06933
42875 0.06361
42911 0.06888
42935 0.06918
42947 0.06902
42959 0.07112
42971 0.06848
42983 0.06932
43007 0.07096
43043 0.06693
43055 0.06691
43079 0.0696
43091 0.0681
43127 0.06566
43139 0.06651
43175 0.06929
43187 0.06838
43247 0.07017
43259 0.06489
43295 0.06615
43307 0.05902
43355 0.06597
43367 0.06525
43439 0.06701
43463 0.07071
43475 0.06834
43559 0.0704
43571 0.06948
43583 0.06743
43619 0.06789
43631 0.06638
43643 0.07042
43679 0.0677
43703 0.07139
43715 0.06989
43727 0.0659
43739 0.0661
43763 0.07003
43775 0.06619
43811 0.06678
43847 0.07122
43859 0.06944
43871 0.06819
43907 0.07044
43919 0.06839
43931 0.06292
43979 0.06678
44003 0.07071
44039 0.07115
44051 0.06998
44063 0.06879
44075 0.06653
44099 0.07012
44135 0.07151
44147 0.07025
44183 0.06842
44243 0.06966
44255 0.06934
44339 0.06645
44363 0.06787
44375 0.07008
44387 0.06462
44399 0.06776
44411 0.068
44423 0.0691
44447 0.06789
44459 0.06673
44495 0.06629
44555 0.06841
44567 0.06893
44591 0.0683
44639 0.07041
44663 0.06918
44675 0.06692
44735 0.0658
44747 0.06982
44783 0.06531
44795 0.06967
44807 0.06938
44831 0.06563
44891 0.06794
44915 0.07154
44951 0.0683
44975 0.07135
44999 0.06815
45011 0.07079
45047 0.06865
45059 0.07162
45095 0.07097
45155 0.07132
45167 0.0667
45227 0.06604
45251 0.07102
45275 0.0704
45287 0.06792
45299 0.06631
45323 0.06805
45347 0.06975
45359 0.06653
45371 0.06678
45395 0.0696
45407 0.06677
45431 0.07168
45443 0.06849
45467 0.06762
45479 0.07146
45527 0.07159
45539 0.07012
45563 0.07119
45575 0.06551
45611 0.07132
45623 0.06576
45671 0.07092
45695 0.0656
45719 0.07077
45731 0.06984
45743 0.0699
45791 0.06975
45815 0.07112
45839 0.06677
45875 0.07023
45899 0.07143
45911 0.07018
45923 0.07036
46019 0.06588
46031 0.06903
46055 0.06975
46079 0.07111
46115 0.06744
46127 0.07096
46151 0.07132
46163 0.07101
46223 0.06945
46235 0.07039
46247 0.0698
46259 0.06796
46283 0.07175
46295 0.07171
46319 0.06817
46331 0.07169
46355 0.07152
46367 0.07023
46379 0.06871
46391 0.07059
46403 0.07165
46427 0.06884
46463 0.07009
46475 0.07125
46487 0.07129
46535 0.07097
46547 0.07151
46583 0.0711
46607 0.06682
46631 0.07095
46655 0.07061
46667 0.06948
46739 0.06686
46763 0.06881
46775 0.07134
46787 0.06461
46799 0.06936
46835 0.07007
46847 0.07112
46859 0.07009
46883 0.07019
46895 0.06643
46931 0.07034
46943 0.07137
46967 0.06984
46979 0.06385
46991 0.06987
47039 0.0616
47063 0.06238
47075 0.06991
47135 0.07025
47171 0.068
47183 0.06393
47231 0.0714
47243 0.06303
47255 0.07085
47291 0.06881
47375 0.07096
47399 0.07162
47411 0.07159
47423 0.06569
47435 0.07151
47447 0.06997
47471 0.067
47483 0.0625
47495 0.07169
47531 0.07177
47579 0.07167
47603 0.06441
47627 0.06802
47651 0.06927
47663 0.07164
47687 0.06775
47747 0.07102
47759 0.06688
47783 0.06748
47795 0.0657
47855 0.07139
47867 0.07081
47879 0.06574
47891 0.06651
47915 0.06703
47987 0.06728
48011 0.06638
48035 0.07027
48047 0.06899
48059 0.06515
48107 0.06686
48167 0.0679
48191 0.06683
48227 0.06961
48251 0.06969
48263 0.06793
48275 0.07089
48287 0.06831
48323 0.06933
48335 0.06998
48359 0.06326
48431 0.0697
48443 0.06614
48503 0.06875
48515 0.06879
48551 0.06712
48575 0.06929
48587 0.0705
48635 0.06562
48671 0.06723
48683 0.06634
48719 0.06448
48755 0.07141
48791 0.06794
48803 0.06798
48875 0.06792
48899 0.06379
48911 0.06834
48923 0.06485
48959 0.06821
48995 0.07072
49067 0.07173
49079 0.06714
49115 0.06726
49151 0.06593
49163 0.06422
49175 0.06543
49187 0.06404
49247 0.06812
49259 0.0713
49271 0.06576
49283 0.06989
49319 0.06649
49343 0.06836
49403 0.06541
49427 0.06534
49475 0.06624
49487 0.0662
49511 0.06614
49571 0.06589
49583 0.0665
49595 0.07034
49607 0.06429
49619 0.06895
49631 0.06637
49679 0.06624
49691 0.06571
49703 0.06462
49715 0.06684
49751 0.06674
49775 0.06599
49799 0.06619
49859 0.06829
49895 0.06563
49907 0.06509
49955 0.06522
49967 0.06993
49979 0.06501
50003 0.06789
50015 0.07005
50027 0.06483
50075 0.069
50099 0.06763
50135 0.06434
50183 0.06488
50243 0.06593
50255 0.07064
50267 0.06847
50279 0.06639
50303 0.07076
50315 0.06834
50327 0.06818
50339 0.05599
50399 0.06694
50435 0.06864
50447 0.0686
50471 0.06854
50483 0.06875
50507 0.06476
50519 0.06866
50531 0.06648
50615 0.06381
50639 0.06638
50663 0.06501
50699 0.06622
50711 0.06619
50735 0.06931
50747 0.06718
50759 0.06925
50783 0.06943
50807 0.06936
50819 0.06958
50855 0.06948
50879 0.06575
50903 0.06569
50915 0.06759
50927 0.05881
50939 0.06668
50963 0.06266
50975 0.07108
50987 0.06594
51011 0.0656
51023 0.07094
51083 0.06618
51095 0.07007
51107 0.06563
51119 0.06609
51143 0.06567
51155 0.06818
51167 0.07054
51179 0.06636
51251 0.06841
51275 0.0668
51299 0.07075
51323 0.05881
51359 0.06813
51371 0.06684
51395 0.06678
51455 0.07107
51467 0.06659
51527 0.07112
51575 0.07123
51587 0.06667
51611 0.06746
51623 0.06683
51635 0.07156
51671 0.07146
51695 0.06911
51707 0.06697
51731 0.06958
51743 0.06683
51755 0.06709
51779 0.06579
51791 0.06664
51851 0.06804
51863 0.06676
51887 0.07143
51911 0.0715
51923 0.07004
51935 0.06686
51947 0.06326
51959 0.0663
51983 0.07116
52007 0.07124
52043 0.06254
52055 0.06871
52079 0.06986
52115 0.07073
52139 0.06691
52151 0.07085
52175 0.07064
52187 0.06563
52211 0.0683
52235 0.06896
52271 0.06688
52283 0.06908
52319 0.06473
52331 0.06919
52355 0.06865
52415 0.07066
52427 0.06942
52439 0.06526
52463 0.06553
52475 0.06881
52487 0.06547
52499 0.06637
52523 0.06594
52535 0.06591
52547 0.07152
52559 0.06579
52607 0.06517
52643 0.06932
52715 0.06664
52751 0.06663
52763 0.07021
52775 0.06447
52799 0.06441
52823 0.06691
52847 0.06886
52871 0.07065
52907 0.07055
52931 0.0681
52955 0.07067
52979 0.06844
53015 0.06856
53063 0.06517
53075 0.07146
53099 0.07028
53111 0.06676
53159 0.06616
53207 0.06632
53219 0.07108
53243 0.06652
53291 0.06631
53303 0.06637
53339 0.06628
53351 0.06625
53375 0.0705
53387 0.06607
53399 0.07168
53447 0.06745
53459 0.06934
53483 0.06637
53495 0.06665
53519 0.07012
53531 0.06657
53567 0.06526
53579 0.0714
53603 0.06897
53627 0.07128
53663 0.06689
53675 0.07115
53687 0.06685
53723 0.06369
53735 0.07079
53747 0.07165
53771 0.07173
53795 0.07152
53843 0.06867
53879 0.06661
53903 0.06593
53915 0.07134
53975 0.0691
54023 0.0647
54035 0.0658
54071 0.06673
54095 0.06667
54107 0.06515
54119 0.06577
54131 0.0709
54143 0.06867
54179 0.07101
54191 0.06839
54203 0.06977
54215 0.06657
54227 0.06634
54239 0.06843
54275 0.07123
54359 0.06519
54383 0.06791
54395 0.06655
54407 0.06905
54431 0.06671
54467 0.07002
54479 0.06573
54491 0.0657
54575 0.06743
54587 0.0696
54599 0.06857
54611 0.07035
54635 0.06867
54671 0.06673
54683 0.06653
54707 0.07131
54731 0.06641
54755 0.06904
54791 0.06809
54815 0.06638
54827 0.06819
54839 0.06648
54863 0.064
54875 0.06606
54899 0.06679
54911 0.06661
54947 0.07068
54995 0.06582
55007 0.06576
55019 0.06333
55031 0.06586
55043 0.07133
55055 0.06596
55067 0.0656
55115 0.06627
55151 0.06542
55175 0.06824
55187 0.06537
55199 0.06562
55211 0.06725
55247 0.06535
55271 0.06545
55283 0.07169
55319 0.06856
55379 0.06564
55391 0.06501
55403 0.06481
55427 0.0635
55463 0.06467
55475 0.0712
55499 0.06733
55535 0.06641
55571 0.06563
55583 0.06501
55607 0.0645
55703 0.06618
55715 0.06875
55727 0.06406
55739 0.06675
55775 0.06648
55811 0.0693
55835 0.06686
55859 0.06918
55883 0.06693
55895 0.06691
55907 0.06369
55919 0.06666
55943 0.06906
55955 0.06685
55979 0.06679
55991 0.07007
56015 0.06687
56027 0.0638
56051 0.06974
56075 0.06673
56135 0.06634
56147 0.06429
56159 0.06609
56183 0.0705
56219 0.06622
56231 0.06464
56279 0.06654
56291 0.06932
56303 0.06602
56315 0.06498
56327 0.06924
56339 0.068
56351 0.06664
56363 0.06803
56375 0.07092
56387 0.06891
56399 0.06591
56411 0.06577
56447 0.06783
56459 0.06557
56471 0.0641
56507 0.06769
56579 0.06437
56603 0.06856
56615 0.06621
56627 0.06455
56639 0.06689
56675 0.07017
56699 0.06655
56723 0.06526
56735 0.06531
56759 0.07176
56771 0.06706
56795 0.06898
56831 0.0657
56855 0.06685
56867 0.06684
56879 0.06878
56903 0.07146
56927 0.06778
56939 0.06864
56975 0.06361
56987 0.06941
57011 0.07091
57023 0.05976
57035 0.06485
57071 0.0692
57095 0.0716
57155 0.06708
57227 0.06707
57239 0.07124
57263 0.06394
57275 0.06686
57311 0.06862
57359 0.06616
57371 0.07024
57395 0.07174
57407 0.06993
57419 0.06749
57443 0.07173
57479 0.07176
57491 0.06669
57539 0.07149
57551 0.06694
57575 0.07159
57599 0.07035
57623 0.06509
57647 0.06935
57671 0.06673
57695 0.06946
57707 0.07097
57743 0.06578
57767 0.06153
57779 0.06925
57815 0.06922
57875 0.06626
57887 0.06451
57959 0.06607
57971 0.06707
57983 0.06524
57995 0.07159
58007 0.06977
58055 0.06966
58103 0.0668
58115 0.07008
58127 0.06474
58139 0.07123
58163 0.07008
58175 0.07049
58187 0.06807
58223 0.06645
58235 0.06817
58259 0.07028
58283 0.06475
58295 0.06455
58307 0.06779
58319 0.0708
58343 0.06897
58355 0.0695
58415 0.06685
58463 0.06674
58475 0.07085
58487 0.06938
58499 0.06916
58523 0.06569
58535 0.06926
58547 0.06475
58559 0.07109
58571 0.07137
58607 0.06462
58643 0.06617
58667 0.07039
58691 0.06871
58703 0.0662
58739 0.06871
58751 0.07171
58775 0.06796
58811 0.07079
58823 0.06339
58835 0.07151
58847 0.07039
58859 0.0695
58871 0.06694
58883 0.07161
58919 0.06836
58931 0.06333
58955 0.07045
59015 0.06807
59027 0.06658
59039 0.06518
59075 0.07153
59087 0.07107
59099 0.07109
59147 0.06999
59171 0.0713
59231 0.0658
59255 0.06858
59267 0.06673
59279 0.06937
59291 0.07149
59303 0.06676
59327 0.07049
59339 0.07051
59363 0.06716
59375 0.06648
59411 0.07073
59423 0.0657
59459 0.07023
59483 0.06557
59495 0.06696
59519 0.07004
59531 0.07092
59555 0.06684
59603 0.07027
59639 0.06664
59675 0.07122
59687 0.06948
59711 0.06837
59735 0.06958
59783 0.06569
59819 0.07087
59831 0.06683
59843 0.06724
59867 0.07162
59891 0.06598
59903 0.06692
59915 0.06707
59927 0.06998
59963 0.06678
59975 0.06643
59987 0.07133
60023 0.07018
60047 0.06881
60059 0.07154
60071 0.07028
60095 0.0675
60119 0.06402
60131 0.06904
60143 0.06638
60155 0.06766
60191 0.06832
60203 0.06684
60227 0.06824
60239 0.06842
60275 0.06834
60287 0.06707
60299 0.06975
60311 0.06601
60323 0.06823
60335 0.06816
60347 0.06964
60395 0.06807
60407 0.06523
60419 0.06839
60431 0.06882
60455 0.07107
60467 0.06874
60479 0.06565
60491 0.07052
60503 0.0656
60515 0.06863
60551 0.06542
60563 0.06894
60575 0.06912
60587 0.07029
60599 0.06557
60635 0.06898
60671 0.06302
60695 0.06536
60707 0.07062
60743 0.06508
60755 0.06559
60791 0.0663
60803 0.06943
60839 0.06649
60863 0.066
60875 0.06963
60911 0.0657
60935 0.07149
60947 0.06003
60959 0.0699
60971 0.06941
60995 0.06996
61019 0.06811
61067 0.06919
61079 0.06675
61103 0.06692
61115 0.06955
61163 0.06265
61175 0.06687
61199 0.06648
61235 0.06674
61247 0.06184
61295 0.06689
61307 0.06747
61319 0.06603
61355 0.06737
61367 0.07048
61415 0.0648
61427 0.0707
61439 0.07088
61451 0.06716
61475 0.0708
61499 0.06822
61523 0.07092
61535 0.06609
61571 0.07078
61595 0.07052
61607 0.06662
61619 0.06855
61655 0.06672
61679 0.06522
61691 0.0678
61727 0.06568
61739 0.06653
61775 0.07156
61787 0.06555
61799 0.06214
61811 0.07148
61823 0.07023
61835 0.06977
61847 0.0671
61883 0.06987
61907 0.07167
61919 0.06668
61931 0.0712
62015 0.06662
62063 0.06562
62075 0.06696
62087 0.06886
62111 0.06554
62123 0.07158
62135 0.06147
62147 0.06479
62159 0.06564
62195 0.06728
62243 0.06444
62267 0.06881
62279 0.06638
62291 0.06434
62315 0.07073
62339 0.0679
62363 0.069
62375 0.06822
62399 0.07063
62411 0.07092
62447 0.07052
62471 0.06836
62495 0.07041
62519 0.06845
62543 0.06641
62567 0.06855
62615 0.0677
62651 0.07082
62663 0.06611
62675 0.07042
62699 0.06624
62747 0.07061
62759 0.06417
62771 0.06679
62795 0.06687
62807 0.06763
62831 0.06998
62843 0.07178
62855 0.06912
62867 0.06975
62879 0.06955
62891 0.07169
62951 0.06931
62963 0.06977
62975 0.06934
62999 0.05881
63011 0.06944
63023 0.06736
63035 0.07137
63047 0.0695
63071 0.06746
63083 0.06288
63119 0.06903
63143 0.06657
63155 0.06912
63167 0.06218
63191 0.06839
63215 0.06882
63227 0.06614
63251 0.06891
63263 0.07083
63275 0.07083
63335 0.06617
63359 0.07102
63371 0.071
63383 0.06877
63407 0.06674
63431 0.06641
63455 0.07121
63479 0.07035
63491 0.06575
63503 0.06656
63539 0.06565
63551 0.0684
63563 0.07019
63575 0.07054
63623 0.06532
63635 0.07001
63707 0.07165
63731 0.0702
63755 0.07175
63767 0.06542
63779 0.06137
63791 0.0675
63827 0.07038
63851 0.07163
63875 0.06757
63887 0.06769
63911 0.0712
63923 0.06769
63935 0.06727
63971 0.06737
63983 0.07128
64043 0.06914
64055 0.07148
64079 0.07106
64139 0.06053
64163 0.06719
64175 0.07085
64199 0.07176
64235 0.06737
64247 0.07045
64295 0.07162
64307 0.06674
64331 0.06717
64343 0.06542
64367 0.06862
64379 0.06842
64391 0.07141
64415 0.07032
64475 0.07025
64487 0.06637
64511 0.07011
64523 0.07014
64583 0.06448
64607 0.06588
64619 0.06791
64631 0.0712
64643 0.06597
64655 0.06602
64703 0.07064
64727 0.07138
64751 0.06936
64775 0.06664
64787 0.07128
64823 0.06534
64847 0.06603
64859 0.06741
64883 0.07107
64907 0.06748
64931 0.06553
64943 0.06918
64979 0.06551
64991 0.0669
65075 0.07065
65087 0.06515
65135 0.07147
65159 0.06973
65195 0.06672
65207 0.06671
65219 0.06503
65231 0.07165
65243 0.06683
65255 0.07111
65279 0.06847
65291 0.0685
65303 0.06351
65339 0.06831
65351 0.0709
65363 0.06683
65375 0.06389
65399 0.0599
65411 0.06992
65435 0.06849
65459 0.06654
65471 0.07074
65531 0.06648
65567 0.07092
65591 0.07038
65603 0.06634
65615 0.06777
65627 0.0678
65711 0.06686
65723 0.06751
65747 0.06581
65759 0.07128
65771 0.06913
65783 0.06834
65807 0.06565
65819 0.0677
65879 0.06852
65903 0.06386
65939 0.06745
65975 0.06871
65987 0.06871
65999 0.07174
66011 0.06959
66023 0.06946
66035 0.06682
66119 0.06691
66143 0.06664
66155 0.06833
66167 0.06916
66203 0.06663
66215 0.06916
66251 0.06496
66263 0.06925
66275 0.06808
66299 0.07013
66323 0.06801
66371 0.06792
66395 0.07031
66419 0.0663
66443 0.06887
66503 0.0697
66515 0.06854
66527 0.07072
66539 0.07058
66551 0.06836
66563 0.06863
66575 0.06908
66599 0.06988
66611 0.06872
66623 0.06611
66659 0.06563
66671 0.07041
66707 0.06723
66719 0.06878
66743 0.07015
66755 0.06714
66767 0.06562
66779 0.0695
66815 0.07011
66827 0.06693
66839 0.07033
66875 0.07121
66887 0.06768
66899 0.06925
66935 0.07051
66971 0.06631
66983 0.06591
67007 0.06971
67019 0.06995
67031 0.06656
67067 0.07156
67091 0.07149
67115 0.07013
67127 0.06448
67151 0.06941
67163 0.06628
67175 0.06627
67199 0.06826
67235 0.06988
67259 0.07039
67283 0.06735
67295 0.06844
67319 0.06709
67355 0.07144
67367 0.06718
67379 0.07014
67415 0.07139
67439 0.06882
67451 0.07124
67487 0.06563
67535 0.06888
67571 0.0705
67583 0.06703
67655 0.07174
67667 0.06639
67691 0.07074
67703 0.06725
67715 0.07076
67727 0.06672
67775 0.06933
67787 0.07054
67799 0.07144
67811 0.06832
67847 0.06649
67859 0.07103
67871 0.06857
67907 0.0685
67919 0.06785
68015 0.06884
68027 0.06826
68039 0.06787
68051 0.07138
68063 0.06688
68075 0.07167
68123 0.06677
68159 0.0659
68183 0.07063
68195 0.07164
68255 0.07021
68267 0.06542
68291 0.07176
68303 0.06421
68327 0.06895
68339 0.06819
68363 0.07107
68375 0.06578
68423 0.06618
68459 0.06916
68471 0.06921
68495 0.07064
68579 0.06647
68591 0.07082
68603 0.06583
68663 0.06965
68675 0.06935
68723 0.06999
68747 0.06957
68759 0.06946
68783 0.06471
68807 0.06982
68843 0.07008
68855 0.06991
68867 0.07025
68915 0.06978
68951 0.07008
68975 0.06563
68987 0.07001
69023 0.06686
69059 0.07018
69071 0.07076
69083 0.07018
69095 0.06979
69107 0.07068
69131 0.0695
69167 0.06652
69179 0.0694
69215 0.07162
69227 0.07044
69251 0.07039
69287 0.06628
69299 0.07048
69323 0.06912
69347 0.06652
69359 0.07132
69407 0.06569
69419 0.06893
69443 0.07018
69455 0.07145
69527 0.06331
69551 0.06585
69575 0.0712
69599 0.07171
69611 0.07113
69635 0.07163
69647 0.07073
69671 0.06663
69683 0.0656
69719 0.07146
69731 0.07178
69743 0.06396
69755 0.07139
69791 0.0654
69803 0.06537
69839 0.07034
69851 0.07156
69863 0.07116
69875 0.07151
69887 0.0713
69935 0.0712
69947 0.06846
69983 0.06375
70007 0.07159
70091 0.07157
70115 0.07163
70127 0.06977
70151 0.07168
70175 0.07072
70247 0.06752
70283 0.06852
70295 0.071
70307 0.06615
70319 0.06319
70343 0.07153
70391 0.06599
70403 0.07168
70463 0.06532
70475 0.06939
70499 0.07148
70511 0.07005
70523 0.0707
70547 0.07076
70559 0.06892
70595 0.06677
70643 0.06706
70655 0.06873
70679 0.06899
70691 0.07109
70703 0.06691
70727 0.06545
70739 0.05998
70763 0.06937
70775 0.07066
70787 0.06455
70799 0.06948
70811 0.0667
70847 0.06938
70859 0.06953
70871 0.06862
70895 0.06929
70907 0.07016
70943 0.06505
70955 0.07024
70967 0.06966
71003 0.06975
71015 0.06957
71027 0.0698
71051 0.06987
71063 0.07009
71075 0.06971
71087 0.06479
71099 0.07049
71111 0.07
71135 0.06464
71195 0.07066
71207 0.06519
71219 0.07004
71231 0.06762
71243 0.07021
71303 0.07009
71315 0.06863
71375 0.06506
71423 0.06556
71447 0.06651
71459 0.06896
71507 0.06826
71519 0.06708
71531 0.07125
71543 0.06916
71555 0.06593
71567 0.06799
71627 0.06854
71639 0.06803
71651 0.06859
71675 0.07096
71687 0.06827
71723 0.06857
71759 0.06763
71783 0.07021
71831 0.0686
71855 0.06745
71915 0.07165
71927 0.07046
71951 0.06727
71975 0.06773
72011 0.07154
72059 0.07163
72071 0.07142
72119 0.07151
72131 0.06828
72143 0.06447
72179 0.06819
72203 0.0717
72215 0.07096
72239 0.06656
72263 0.07175
72275 0.06801
72323 0.06504
72335 0.06697
72371 0.06783
72407 0.06728
72443 0.07122
72455 0.07137
72479 0.0667
72491 0.07052
72527 0.06706
72539 0.06573
72563 0.06768
72575 0.06714
72587 0.07033
72599 0.06795
72611 0.06596
72635 0.07085
72659 0.06784
72695 0.07179
72731 0.07066
72743 0.06994
72791 0.0708
72803 0.06703
72827 0.06995
72839 0.0701
72851 0.06817
72863 0.06712
72875 0.07055
72887 0.07142
72899 0.06688
72935 0.06853
72947 0.06618
72983 0.07123
72995 0.06842
73055 0.06675
73067 0.06941
73103 0.0677
73115 0.07096
73151 0.06813
73163 0.06656
73187 0.06434
73211 0.06974
73223 0.07077
73247 0.06795
73283 0.06891
73295 0.06786
73319 0.06919
73343 0.06624
73367 0.07049
73427 0.06474
73439 0.06862
73451 0.07101
73475 0.06696
73487 0.0687
73499 0.0686
73511 0.07124
73535 0.06878
73595 0.07178
73631 0.0686
73667 0.06585
73691 0.07162
73715 0.06538
73739 0.0715
73763 0.06972
73775 0.06884
73787 0.07158
73871 0.06649
73919 0.06943
73931 0.07176
73967 0.06613
73979 0.06771
73991 0.07149
74003 0.06506
74015 0.06925
74039 0.06697
74075 0.06606
74087 0.07014
74111 0.06975
74147 0.06629
74171 0.0713
74183 0.07064
74195 0.06644
74267 0.06353
74303 0.06973
74327 0.07054
74339 0.07069
74351 0.06964
74375 0.07097
74387 0.06696
74399 0.07023
74423 0.07067
74447 0.07032
74519 0.06755
74543 0.07013
74555 0.06997
74579 0.06197
74603 0.06988
74627 0.06323
74639 0.07012
74651 0.06648
74663 0.07021
74675 0.07125
74711 0.07118
74783 0.07053
74807 0.0678
74819 0.06666
74855 0.06938
74867 0.0661
74879 0.06766
74927 0.07077
74951 0.07167
74975 0.07068
74987 0.06429
74999 0.07166
75023 0.0674
75035 0.06655
75047 0.0697
75059 0.06423
75071 0.07144
75095 0.06572
75107 0.06576
75143 0.07127
75191 0.07118
75203 0.07141
75215 0.07125
75263 0.07116
75275 0.06922
75287 0.07139
75299 0.06317
75311 0.06788
75335 0.06897
75359 0.07175
75371 0.06904
75383 0.07082
75395 0.06664
75419 0.0656
75443 0.07095
75515 0.06878
75551 0.07164
75563 0.06743
75575 0.07057
75587 0.06684
75599 0.07129
75623 0.06678
75647 0.06893
75671 0.0667
75719 0.07019
75755 0.06777
75791 0.06917
75803 0.06782
75815 0.07097
75827 0.06451
75839 0.06661
75851 0.0679
75863 0.07105
75875 0.07015
75887 0.06632
75899 0.06809
75911 0.07023
75923 0.06687
75947 0.06806
76007 0.06568
76019 0.06988
76043 0.06822
76055 0.07136
76067 0.06248
76127 0.0707
76139 0.06766
76151 0.06665
76175 0.0708
76187 0.06845
76199 0.06461
76211 0.06425
76235 0.06755
76247 0.06579
76307 0.06597
76319 0.07053
76331 0.0677
76391 0.07166
76415 0.06723
76451 0.06888
76475 0.06892
76499 0.06406
76523 0.06662
76547 0.06323
76583 0.06862
76619 0.06462
76691 0.0669
76703 0.07016
76715 0.06931
76727 0.0654
76751 0.0668
76775 0.06696
76787 0.06291
76799 0.06908
76823 0.06632
76835 0.06507
76859 0.0664
76895 0.07097
76931 0.06823
76979 0.06794
77015 0.0705
77027 0.06307
77039 0.07071
77063 0.06562
77075 0.06798
77087 0.06857
77099 0.0654
77111 0.06806
77123 0.06421
77147 0.0659
77159 0.06688
77183 0.06877
77231 0.06888
77303 0.06735
77315 0.06756
77327 0.06852
77363 0.06747
77375 0.06862
77387 0.0704
77411 0.06739
77423 0.06886
77435 0.06803
77459 0.06731
77495 0.06738
77507 0.06606
77519 0.07158
77531 0.07063
77567 0.0681
77579 0.06973
77603 0.06693
77615 0.06852
77639 0.06687
77663 0.07171
77675 0.06988
77735 0.06697
77771 0.06648
77807 0.06768
77843 0.06732
77855 0.06956
77879 0.06726
77891 0.0674
77903 0.07145
77927 0.06886
77939 0.06677
77963 0.06641
77975 0.06878
77987 0.06669
78011 0.06896
78023 0.06869
78047 0.07062
78071 0.06861
78083 0.0677
78107 0.06911
78119 0.06764
78131 0.06615
78155 0.07163
78227 0.06628
78251 0.06934
78263 0.06827
78275 0.06677
78287 0.06676
78323 0.06692
78359 0.06554
78371 0.06675
78383 0.0704
78407 0.06688
78431 0.06993
78443 0.07145
78455 0.06818
78503 0.06785
78515 0.06839
78527 0.06976
78551 0.06833
78563 0.06662
78575 0.07023
78587 0.07119
78599 0.06566
78647 0.06816
78659 0.06862
78671 0.07006
78719 0.06997
78731 0.07156
78743 0.06744
78755 0.06655
78767 0.06933
78815 0.07043
78851 0.06613
78863 0.06606
78875 0.07179
78899 0.06516
78923 0.07059
78959 0.06955
78971 0.0705
78983 0.06703
78995 0.0657
79007 0.06891
79019 0.06496
79055 0.07146
79067 0.07033
79079 0.06916
79091 0.06708
79127 0.06692
79163 0.07128
79175 0.069
79199 0.06496
79211 0.07119
79223 0.06532
79271 0.06668
79307 0.07101
79331 0.06746
79355 0.07093
79391 0.07157
79415 0.06937
79439 0.07148
79463 0.06512
79475 0.06535
79487 0.07149
79499 0.07068
79511 0.06637
79523 0.06383
79547 0.07138
79571 0.07006
79619 0.06563
79655 0.06651
79667 0.06577
79679 0.07105
79715 0.07028
79727 0.07171
79739 0.06543
79763 0.06798
79775 0.06625
79787 0.07176
79799 0.06438
79835 0.06786
79871 0.07145
79883 0.07166
79895 0.06643
79919 0.06647
79931 0.07157
79991 0.07059
80015 0.06773
80027 0.06681
80063 0.07111
80087 0.07074
80099 0.07088
80123 0.07123
80135 0.07082
80159 0.06694
80171 0.07028
80183 0.07057
80195 0.07103
80219 0.07035
80243 0.06889
80255 0.07004
80291 0.07118
80303 0.07068
80327 0.07112
80351 0.06987
80375 0.07119
80411 0.07065
80459 0.06668
80483 0.06329
80495 0.06346
80507 0.0708
80519 0.06658
80543 0.07026
80591 0.07018
80615 0.06698
80675 0.06956
80711 0.06595
80723 0.06963
80735 0.06993
80759 0.06681
80771 0.07165
80795 0.07005
80807 0.07172
80855 0.06418
80867 0.06985
80879 0.06586
80891 0.0695
80903 0.07169
80927 0.0696
80939 0.06818
80951 0.07147
80975 0.0688
80987 0.07154
80999 0.0658
81011 0.07122
81035 0.06636
81095 0.07121
81107 0.06789
81143 0.07149
81167 0.06919
81191 0.07141
81215 0.06911
81227 0.07166
81251 0.07029
81263 0.06902
81275 0.07158
81287 0.06627
81311 0.06894
81383 0.06573
81395 0.07055
81407 0.06575
81443 0.07074
81455 0.06885
81467 0.06625
81479 0.06564
81491 0.07066
81503 0.06862
81515 0.06882
81539 0.06462
81575 0.06542
81623 0.06502
81635 0.07087
81659 0.06535
81683 0.0711
81719 0.07013
81743 0.06751
81755 0.06683
81779 0.07109
81791 0.06936
81827 0.06612
81851 0.07097
81863 0.07024
81911 0.07016
81935 0.0679
81947 0.07041
81959 0.06972
81983 0.06782
81995 0.07119
82079 0.06468
82091 0.06634
82103 0.06983
82115 0.0716
82127 0.06758
82151 0.06521
82175 0.06995
82187 0.07148
82211 0.06789
82259 0.06797
82271 0.07009
82283 0.06754
82295 0.06691
82319 0.07016
82331 0.06666
82343 0.06695
82355 0.07159
82367 0.0666
82391 0.06688
82403 0.07151
82415 0.06821
82427 0.07174
82451 0.07143
82475 0.07165
82511 0.06695
82535 0.0691
82547 0.06629
82583 0.06902
82631 0.06859
82643 0.07109
82655 0.07067
82679 0.06851
82703 0.06673
82715 0.07124
82739 0.06426
82751 0.06686
82775 0.0687
82823 0.06862
82859 0.06887
82871 0.06611
82895 0.07103
82919 0.06249
82931 0.06898
82943 0.0711
82955 0.06744
82967 0.06242
82991 0.07118
83027 0.07081
83051 0.0663
83075 0.07088
83087 0.06781
83099 0.06251
83111 0.06815
83123 0.07095
83135 0.06639
83147 0.06797
83159 0.06638
83183 0.07146
83195 0.07042
83291 0.06838
83315 0.07124
83327 0.06565
83351 0.06775
83375 0.06861
83387 0.0701
83411 0.06979
83435 0.07001
83447 0.0676
83483 0.06993
83507 0.06773
83519 0.06671
83543 0.06908
83567 0.06627
83603 0.06999
83615 0.07001
83627 0.06932
83651 0.07006
83675 0.06753
83687 0.06721
83699 0.07013
83711 0.07127
83723 0.06476
83747 0.06965
83759 0.06655
83771 0.06972
83807 0.06643
83855 0.07102
83879 0.06688
83915 0.06494
83927 0.06683
83951 0.07086
83963 0.07025
83975 0.06478
83999 0.06654
84023 0.07042
84071 0.07056
84083 0.07112
84095 0.07073
84107 0.07066
84119 0.06507
84167 0.06533
84203 0.06874
84227 0.0688
84251 0.07106
84275 0.06887
84311 0.06559
84323 0.07105
84335 0.07129
84371 0.07113
84419 0.06588
84455 0.066
84479 0.06998
84527 0.06618
84539 0.06622
84575 0.06982
84587 0.06812
84599 0.06667
84647 0.06649
84755 0.06839
84803 0.06992
84839 0.06642
84851 0.06984
84911 0.06927
84959 0.06611
84971 0.06678
84983 0.06627
85007 0.06755
85019 0.06691
85031 0.06665
85067 0.0666
85079 0.06693
85115 0.06728
85175 0.06743
85271 0.06757
85295 0.06797
85307 0.06622
85367 0.06698
85403 0.06224
85415 0.06778
85499 0.06628
85511 0.06719
85559 0.06711
85631 0.06811
85655 0.0674
85739 0.06679
85763 0.06883
85775 0.06867
85799 0.06674
85859 0.0666
85907 0.07126
85919 0.06699
85943 0.06855
85979 0.06519
86003 0.0714
86039 0.06633
86051 0.07147
86075 0.06579
86087 0.06876
86099 0.06815
86159 0.06727
86207 0.06537
86219 0.06605
86279 0.066
86315 0.06594
86327 0.06837
86387 0.0716
86411 0.06576
86435 0.07084
86459 0.06615
86471 0.06931
86507 0.06622
86519 0.06473
86591 0.06985
86615 0.06792
86651 0.06539
86663 0.06799
86699 0.06345
86747 0.06404
86759 0.06885
86831 0.07019
86963 0.07066
86975 0.06851
86987 0.06691
86999 0.0692
87023 0.07047
87035 0.06362
87047 0.07014
87167 0.07067
87227 0.06726
87239 0.06954
87287 0.07048
87371 0.06432
87419 0.06535
87503 0.0697
87515 0.06767
87551 0.06933
87575 0.07002
87599 0.06656
87611 0.06448
87659 0.06639
87731 0.07166
87779 0.07069
87791 0.07156
87815 0.07123
87839 0.06686
87863 0.0713
87875 0.07171
87899 0.06697
87935 0.07177
87971 0.07112
88031 0.0644
88043 0.06443
88091 0.06849
88139 0.0632
88151 0.07098
88199 0.0709
88235 0.06307
88247 0.07174
88319 0.07042
88343 0.07111
88355 0.07167
88391 0.0715
88511 0.07089
88559 0.07076
88595 0.07171
88619 0.06594
88631 0.07165
88655 0.07133
88679 0.07158
88691 0.07173
88703 0.07059
88715 0.06619
88763 0.06243
88835 0.0715
88847 0.0716
88859 0.06957
88895 0.07123
88907 0.06963
88943 0.06678
88967 0.07058
89015 0.07133
89039 0.06696
89075 0.07078
89099 0.0699
89159 0.07153
89183 0.07148
89207 0.07103
89243 0.06598
89267 0.06835
89279 0.07177
89327 0.07175
89339 0.07024
89351 0.07179
89423 0.06639
89447 0.06653
89471 0.07152
89483 0.06462
89507 0.06703
89543 0.06621
89579 0.0647
89639 0.07133
89651 0.06848
89711 0.06479
89735 0.06677
89807 0.06684
89879 0.07013
89903 0.06602
89999 0.06672
90047 0.06403
90119 0.07143
90131 0.06817
90143 0.06997
90275 0.06935
90335 0.06806
90347 0.06437
90395 0.06497
90443 0.06242
90455 0.06828
90479 0.06485
90503 0.06821
90539 0.05991
90575 0.06658
90611 0.06981
90683 0.06455
90695 0.06872
90707 0.071
90719 0.06672
90743 0.0688
90755 0.07001
90791 0.07115
90827 0.07122
90839 0.06946
90875 0.06554
90899 0.07021
90923 0.06642
90935 0.06668
90983 0.06924
91031 0.06917
91103 0.0685
91175 0.06815
91187 0.06935
91211 0.06639
91307 0.06473
91319 0.07033
91391 0.06854
91439 0.06732
91451 0.06565
91475 0.06795
91511 0.07004
91523 0.06705
91547 0.0701
91667 0.06952
91679 0.06765
91715 0.07034
91727 0.06634
91739 0.06656
91751 0.06967
91775 0.06797
91787 0.06974
91799 0.06801
91859 0.06656
91871 0.06791
91931 0.06952
91979 0.06643
92039 0.06688
92063 0.06548
92087 0.06683
92123 0.06499
92159 0.0683
92183 0.06667
92207 0.06588
92231 0.06695
92291 0.07144
92303 0.06432
92351 0.06666
92375 0.06683
92423 0.06866
92495 0.06692
92543 0.06492
92579 0.07151
92663 0.06675
92711 0.06646
92759 0.06817
92771 0.07071
92795 0.06823
92807 0.06623
92819 0.0678
92879 0.06611
92903 0.06795
92939 0.06802
92999 0.06781
93023 0.06624
93035 0.06788
93095 0.06695
93107 0.07162
93119 0.06602
93167 0.06643
93215 0.06684
93299 0.07041
93335 0.06602
93347 0.07126
93467 0.06601
93515 0.06679
93527 0.06396
93539 0.07065
93551 0.07017
93599 0.065
93611 0.06704
93623 0.06691
93647 0.06493
93659 0.06698
93671 0.06619
93695 0.06645
93707 0.06485
93755 0.0643
93791 0.07049
93803 0.066
93839 0.06633
93863 0.06657
93899 0.06711
93959 0.06644
94019 0.06993
94043 0.06695
94055 0.06581
94091 0.06737
94127 0.06668
94163 0.06587
94175 0.071
94223 0.06582
94271 0.06668
94319 0.07119
94355 0.06974
94475 0.0648
94487 0.06617
94499 0.06649
94571 0.06626
94619 0.06806
94631 0.0668
94643 0.06794
94655 0.06841
94715 0.06665
94739 0.07119
94751 0.06442
94763 0.06825
94799 0.07177
94835 0.07105
94859 0.06562
94955 0.06798
94967 0.06682
95015 0.06654
95075 0.07069
95147 0.06632
95159 0.0667
95195 0.06882
95207 0.06599
95315 0.06804
95351 0.06689
95387 0.06854
95399 0.06601
95459 0.07012
95519 0.06679
95555 0.068
95567 0.06687
95591 0.0667
95639 0.06668
95675 0.06433
95735 0.06687
95759 0.06219
95771 0.06904
95807 0.06644
95831 0.06641
95867 0.06448
95903 0.07012
95927 0.06637
95951 0.0701
95975 0.06601
96011 0.06662
96071 0.06608
96083 0.07097
96119 0.06612
96143 0.0658
96203 0.07013
96227 0.06705
96287 0.06587
96359 0.0655
96383 0.06943
96395 0.06985
96407 0.06775
96455 0.06627
96491 0.06998
96503 0.06632
96575 0.06915
96599 0.06608
96611 0.06658
96683 0.0657
96695 0.06812
96719 0.06894
96743 0.06588
96767 0.07116
96791 0.0652
96815 0.07122
96839 0.0667
96899 0.07153
96971 0.06673
97019 0.06494
97067 0.07072
97079 0.06504
97163 0.07137
97199 0.06896
97211 0.06562
97247 0.06552
97295 0.06813
97319 0.06625
97403 0.06842
97439 0.06927
97475 0.07069
97559 0.06648
97643 0.07158
97667 0.06648
97679 0.06679
97691 0.07152
97703 0.06208
97739 0.06885
97751 0.0667
97811 0.06661
97835 0.0717
97895 0.06966
97955 0.06999
97991 0.07173
98003 0.06631
98027 0.07168
98039 0.06626
98051 0.06986
98075 0.07155
98087 0.0699
98135 0.06996
98147 0.06662
98159 0.07019
98171 0.07141
98183 0.0655
98195 0.07143
98243 0.07136
98255 0.06681
98279 0.06496
98303 0.07128
98315 0.0712
98339 0.06674
98363 0.07119
98375 0.07117
98423 0.06375
98447 0.07008
98471 0.07039
98531 0.07095
98555 0.07026
98591 0.0664
98603 0.07084
98615 0.07083
98651 0.07077
98687 0.07072
98699 0.07006
98723 0.07067
98735 0.07092
98747 0.07058
98759 0.06718
98783 0.07098
98819 0.06735
98831 0.07104
98843 0.07025
98855 0.07087
98879 0.0711
98903 0.07093
98951 0.07099
98975 0.06689
98987 0.06864
99035 0.07049
99047 0.07021
99107 0.06505
99167 0.07004
99179 0.07067
99203 0.06999
99227 0.06995
99263 0.06675
99275 0.06824
99287 0.07142
99311 0.07164
99323 0.07085
99383 0.07154
99395 0.06807
99407 0.0697
99419 0.06842
99443 0.06813
99467 0.06798
99479 0.06808
99503 0.07169
99515 0.07109
99575 0.07178
99587 0.06945
99599 0.0662
99647 0.0684
99671 0.06642
99683 0.06594
99695 0.0693
99755 0.07139
99779 0.06855
99791 0.07128
99803 0.07145
99827 0.06912
99851 0.06972
99863 0.0714
99875 0.06842
99887 0.06807
99899 0.06687
99911 0.06589
99935 0.06682
99947 0.0689
99959 0.06869
99995 0.0699
